2022 103
NOAA 15                 
1 25338U 98030A   22102.82032694  .00000148  00000+0  79949-4 0  9996
2 25338  98.6514 133.1925 0011411 126.0428 234.1811 14.26107681243668
DMSP 5D-3 F15 (USA 147) 
1 25991U 99067A   22102.92696581  .00000179  00000+0  11276-3 0  9996
2 25991  99.0505  93.3925 0010539  20.8252  42.3754 14.16518603154497
METEOSAT-8 (MSG-1)      
1 27509U 02040B   22102.62534715  .00000141  00000+0  00000+0 0  9993
2 27509   7.9176  50.9895 0002229 316.8463  99.5108  1.00274203 71950
DMSP 5D-3 F16 (USA 172) 
1 28054U 03048A   22102.91452624  .00000081  00000+0  66725-4 0  9992
2 28054  98.9859  93.3971 0008029 136.6552 284.8356 14.13663620953777
NOAA 18                 
1 28654U 05018A   22102.83531462  .00000181  00000+0  12145-3 0  9993
2 28654  98.9533 173.3127 0014921 153.7050 206.4882 14.12711776870716
METEOSAT-9 (MSG-2)      
1 28912U 05049B   22102.81261868  .00000137  00000+0  00000+0 0  9996
2 28912   5.8733  66.6925 0000696 276.8580 190.8586  1.00436989 59732
EWS-G1 (GOES 13)        
1 29155U 06018A   22102.86045171  .00000036  00000+0  00000+0 0  9993
2 29155   0.4297  96.7398 0001506 151.7487 323.8595  1.00273836 28075
DMSP 5D-3 F17 (USA 191) 
1 29522U 06050A   22102.91110918  .00000134  00000+0  93425-4 0  9992
2 29522  98.7714 119.1812 0011070  88.7404 271.5037 14.14088560796645
FENGYUN 3A              
1 32958U 08026A   22102.87825365  .00000107  00000+0  71714-4 0  9995
2 32958  98.4957  68.2142 0008092 206.5592 153.5171 14.18702606718927
FENGYUN 2E              
1 33463U 08066A   22102.93711971 -.00000197  00000+0  00000+0 0  9990
2 33463   5.7615  65.6649 0003870   3.8406 195.3184  1.00279210 48780
NOAA 19                 
1 33591U 09005A   22102.82914317  .00000137  00000+0  99034-4 0  9996
2 33591  99.1558 135.5642 0014060  16.6402 343.5227 14.12548020678921
GOES 14                 
1 35491U 09033A   22102.61784866 -.00000092  00000+0  00000+0 0  9990
2 35491   0.1634  91.0121 0011513 131.7779  95.9418  1.00272150 46800
METEOR-M 1              
1 35865U 09049A   22102.90286408  .00000111  00000+0  68902-4 0  9994
2 35865  98.5218  75.5105 0003385  68.2781 291.8758 14.22319744652220
DMSP 5D-3 F18 (USA 210) 
1 35951U 09057A   22102.92721571  .00000247  00000+0  15431-3 0  9994
2 35951  98.7178  83.9465 0009889 274.8505  85.1539 14.13473241643874
GOES 15                 
1 36411U 10008A   22102.67906433  .00000056  00000+0  00000+0 0  9998
2 36411   0.1361 106.1248 0001770 322.1466 248.6452  1.00273261 44369
COMS 1                  
1 36744U 10032A   22102.87370889 -.00000343  00000+0  00000+0 0  9996
2 36744   0.8952  93.9588 0000876 288.4916 261.2887  1.00271762 35784
FENGYUN 3B              
1 37214U 10059A   22102.90989008 -.00000003  00000+0  22568-4 0  9992
2 37214  99.0936 107.7157 0022154 177.3351 182.7880 14.14249011591695
SUOMI NPP               
1 37849U 11061A   22102.86342396  .00000073  00000+0  55314-4 0  9999
2 37849  98.7279  42.3399 0001177  97.4482 337.1126 14.19555948541896
FENGYUN 2F              
1 38049U 12002A   22102.87553868 -.00000352  00000+0  00000+0 0  9995
2 38049   3.6316  80.1496 0004966   5.6606 182.0977  1.00259464 37578
METEOSAT-10 (MSG-3)     
1 38552U 12035B   22102.85007274  .00000061  00000+0  00000+0 0  9999
2 38552   1.4328  36.8205 0001716 259.9458 219.5781  1.00267347 35555
METOP-B                 
1 38771U 12049A   22102.90676829  .00000087  00000+0  59574-4 0  9994
2 38771  98.7025 163.6079 0000658 145.7002  32.5553 14.21492594496428
FENGYUN 3C              
1 39260U 13052A   22102.55140603 -.00000042  00000+0 -71774-6 0  9991
2 39260  98.4617 133.9815 0012426 104.6070 255.6481 14.15911878442590
METEOR-M 2              
1 40069U 14037A   22102.89611538  .00000247  00000+0  13395-3 0  9998
2 40069  98.4366 123.6765 0006568 144.0016 216.1616 14.20702827402550
HIMAWARI-8              
1 40267U 14060A   22102.87623821 -.00000275  00000+0  00000+0 0  9997
2 40267   0.0278 109.9231 0000904 271.7175 275.5263  1.00273040 27451
FENGYUN 2G              
1 40367U 14090A   22102.86803969 -.00000300  00000+0  00000+0 0  9992
2 40367   1.7695  90.0087 0002773 341.9231 181.3036  1.00266904 26699
METEOSAT-11 (MSG-4)     
1 40732U 15034A   22102.85674251 -.00000005  00000+0  00000+0 0  9998
2 40732   0.1967  22.9866 0000800  54.6159  71.8301  1.00265742 24724
ELEKTRO-L 2             
1 41105U 15074A   22102.91707019 -.00000112  00000+0  00000+0 0  9992
2 41105   2.8232  88.8572 0000666  30.6423  37.3331  1.00271755 23210
HIMAWARI-9              
1 41836U 16064A   22102.87623821 -.00000275  00000+0  00000+0 0  9996
2 41836   0.0134 224.6599 0001235 170.3568 262.2130  1.00270562 19885
GOES 16                 
1 41866U 16071A   22102.83315243 -.00000248  00000+0  00000+0 0  9999
2 41866   0.0580 285.4032 0000812 121.5240  18.7999  1.00272224 19801
FENGYUN 4A              
1 41882U 16077A   22102.72549454 -.00000330  00000+0  00000+0 0  9996
2 41882   0.1949 285.1784 0005097 198.7839  82.7150  1.00269702 19672
CYGFM05                 
1 41884U 16078A   22102.79027010  .00004069  00000+0  20860-3 0  9997
2 41884  34.9555 250.6657 0015548 225.4497 134.4946 15.15906629294814
CYGFM04                 
1 41885U 16078B   22102.79922730  .00003630  00000+0  18360-3 0  9996
2 41885  34.9484 240.2063 0014152 241.2689 118.6601 15.16425554294851
CYGFM02                 
1 41886U 16078C   22102.79140026  .00003615  00000+0  18276-3 0  9996
2 41886  34.9577 242.4373 0014826 235.4500 124.4813 15.16445445294938
CYGFM01                 
1 41887U 16078D   22102.78307787  .00003901  00000+0  20129-3 0  9993
2 41887  34.9520 252.9858 0015976 224.8049 135.1372 15.15679683294760
CYGFM08                 
1 41888U 16078E   22102.78742821  .00003987  00000+0  20306-3 0  9997
2 41888  34.9493 245.9122 0015303 235.7945 124.1316 15.16140661294896
CYGFM06                 
1 41889U 16078F   22102.77228031  .00004024  00000+0  20322-3 0  9990
2 41889  34.9573 241.2484 0013790 235.2516 124.6898 15.16459020294873
CYGFM07                 
1 41890U 16078G   22102.75406399  .00004096  00000+0  20707-3 0  9991
2 41890  34.9509 240.1924 0013570 239.6324 120.3046 15.16412244294855
CYGFM03                 
1 41891U 16078H   22102.75240189  .00004057  00000+0  20522-3 0  9997
2 41891  34.9542 240.6546 0013073 237.8042 122.1402 15.16406143294849
FENGYUN 3D              
1 43010U 17072A   22102.85617701  .00000071  00000+0  55123-4 0  9994
2 43010  98.8095  47.8023 0002948  90.0104 270.1437 14.19193207228463
NOAA 20                 
1 43013U 17073A   22102.81384990  .00000052  00000+0  45438-4 0  9992
2 43013  98.7519  42.3473 0000696  93.9589 266.1667 14.19539059227910
GOES 17                 
1 43226U 18022A   22102.74904345  .00000097  00000+0  00000+0 0  9997
2 43226   0.0456 290.6030 0000346  74.6692 328.1111  1.00273697 15111
FENGYUN 2H              
1 43491U 18050A   22102.86394044 -.00000126  00000+0  00000+0 0  9998
2 43491   0.9812  98.4393 0003460  17.2975 115.5028  1.00269639 14130
METOP-C                 
1 43689U 18087A   22102.90923315  .00000087  00000+0  59602-4 0  9993
2 43689  98.6905 163.9214 0002246 206.6139 153.4923 14.21496282177995
GEO-KOMPSAT-2A          
1 43823U 18100A   22102.73020432 -.00000344  00000+0  00000+0 0  9998
2 43823   0.0488  48.5127 0001939  10.3812 173.1325  1.00270029 12316
METEOR-M2 2             
1 44387U 19038A   22102.86290267  .00000358  00000+0  17620-3 0  9998
2 44387  98.7154  64.1930 0002453  98.4949 261.6552 14.23706257144072
FENGYUN 3E              
1 49008U 21062A   22101.63140319 -.00000033  00000+0  51433-5 0  9992
2 49008  98.7126 104.6462 0002226 147.9742 212.1535 14.19726476 39834
GOES 18                 
1 51850U 22021A   22102.25629728 -.00000183  00000+0  00000+0 0  9995
2 51850   0.0101 304.3375 0000281 198.2642  60.7488  1.00271568   497
